29483
39030
80616
80683
81054
81135
81303
81522
81523
81649
81651
81747
81763
81857
81963
81990
82060
82187
82315
82366
82407
82559
82590
82715
82897
83019
103662
162152
171486
279561
279562
279564
295724
357428
357582
357617
357658
357879
357880
358009
358093
358137
358218
358254
453470
453677
453724
453780
453877
453977
454014
454031
454122
454155
454167
454179
454223
454253
454295
454306
454333
454401
454441
454791
454890
454973
455024
455058
455102
455127
455255
455325
455329
455432
455576
455703
455759
455798
742625
830283
859314
859455
889015
916687
916690
964636
964909
964963
964969
1480945
1480948
1480972
1481185
1481337
1944643
1955914
1955930
1986755
1986985
1987206
1987469
1987486
1987628
1992682
1992683
1992751
1993334
1993509
1993561
1993683
1993808
1993954
1993990
1994001
1994097
1994288
1994342
1994364
1994629
1994735
1995063
1995471
1995528
1995841
1995846
1995962
1996069
2179801
2179825
2179948
2179990
2180169
2180241
2180630
2220933
2220979
2221287
2338194
2338416
2338422
2338425
2338428
2338431
2338434
2338692
2338716
2338720
2338768
2338773
2338810
2338811
2338961
2339605
2339907
2401825
2401883
2535607
2535655
2535716
2535737
2536041
2591829
2592310
2729652
2729653
2729738
2729773
2751628
2851162
2866551
2866569
2866578
2866580
2866607
2866744
2866745
2866788
2866863
2866876
2866880
2866882
2867207
2867236
2867240
2867245
2867251
2867254
2867263
2867410
2867458
2867459
2867461
2867522
2867532
2867536
2867538
2867552
2867575
3124014
3124078
3124181
3124350
3124433
3124535
3124647
3124766
3124805
3124815
3125171
3125414
3125518
3125580
3125627
3125833
3126345
3126405
3126448
3126496
3126638
3126653
3126850
3127097
3127220
3127375
3127388
3127486
3127639
3127664
3127669
3127703
3239627
3239729
3247874
3247877
3248308
3408302
3425105
3448544
3448604
3448608
3448635
3448655
3448714
3448805
3448894
3448900
3448979
3449069
3449117
3449151
3449217
3449286
3449380
3449389
3449445
3449494
3449543
3449561
3449593
3449621
3449642
3449645
3449652
3449718
3449925
3449954
3450327
3450416
3450463
3450618
3450621
3450725
3450832
3450874
3450997
3451002
3451080
3794884
3794977
3853546
4120983
4338596
4359165
