4028
4029
4524
4431
2449
4813
1433
3535
555
556
1175
1174
4251
4252
5536
686
5620
408
3832
3833
1229
457
377
4622
4625
4628
2275
2276
1967
2877
5507
5500
547
2424
160
4838
4523
2730
3533
3534
3539
1816
2794
1607
805
2840
5476
3974
1159
2999
3038
3039
2995
52
51
50
5604
5606
5600
1903
426
4290
2724
2722
2721
2720
5283
3258
3256
813
816
2851
2850
472
3028
3023
3022
3021
1236
4197
5678
4679
4902
4171
238
239
4613
4612
4880
2539
2530
125
3797
2159
5382
5385
1954
1951
1953
3242
827
822
5257
612
1138
1136
3018
3012
3010
3016
2065
1227
1228
5781
10
12
5719
19
5711
4167
5809
5808
5803
5807
2239
2237
2094
2093
2524
2527
2522
3276
3279
831
838
493
3313
3314
3004
3009
3008
1211
5659
5652
4084
3730
4510
210
4562
3007
2396
3000
5011
5019
4897
1859
4418
2179
2601
3261
3263
3265
3266
846
845
844
5231
1733
506
2954
2402
1205
3101
1115
1117
5730
5739
5738
481
4149
4148
4145
4144
4142
3295
4553
2540
2385
2384
2387
2763
2762
2761
5008
2764
902
903
4428
4429
904
4425
2169
2160
2614
3298
3299
6
5226
5225
747
1697
2919
1698
618
611
616
3111
1304
1302
5740
5741
5744
20
4138
4131
4132
4135
5690
3848
4545
4544
4547
2597
5037
1918
1915
3447
72
3050
3051
5369
1686
1689
4303
4302
8
5750
4234
5597
5596
5599
3444
310
3946
4129
5687
4056
4054
4059
3618
2563
2564
2361
2589
1860
2632
3435
2747
2746
9
2748
1244
2962
3047
5378
5377
5373
1678
3132
1328
4208
4209
2497
5768
5769
5767
5763
5761
5569
1528
1529
4068
4069
5784
5785
5787
5782
5783
5788
2772
3600
470
1894
1893
5161
2004
2917
2072
591
4324
3386
3387
5412
4215
449
4211
4210
4213
5771
5770
5773
5772
5775
5774
5776
1243
3262
4207
3897
4079
4073
3964
2854
237
4464
4465
3706
131
130
2903
2906
2905
5317
2487
1656
1657
3150
2835
3391
5406
1434
3392
3395
1734
1502
312
3888
3973
325
3711
3713
4474
4477
2488
2489
4900
4674
2481
2463
126
3406
128
2798
2799
3575
2666
2664
2936
2934
2930
5327
2809
4019
4011
4014
355
3984
3619
262
266
265
2498
4630
2194
2477
2473
5155
5154
2786
2783
2782
2789
2788
3500
3501
3504
3506
2929
1633
2815
2813
562
3171
3172
3376
3375
724
720
40
471
1363
5632
1367
