1155758	kdpB	2
2868432	vapC18	2
2867756	lppB	2
4111914	ephE	2
1796750	nadB	2
2573718	NA	2
4400660	sigM	2
1914773	tyrS	2
60213	NA	2
60185	Rv0057	2
764714	rpoC	3
764703	rpoC	2
764616	rpoC	2
764363	rpoC	3
764666	rpoC	2
764660	rpoC	2
64005	Rv0060	2
2339605	Rv2082	2
2531610	Rv2258c	2
1487301	Rv1324	2
2245916	Rv2000	2
1201778	cbs	2
3841083	alr	2
2158905	NA	2
4247429	embB	42
4247431	embB	36
4247469	embB	3
4247574	embB	4
4247646	embB	2
1674782	inhA	2
1674481	inhA	2
1674048	fabG1	8
4001622	NA	2
1475550	NA	2
1475574	NA	2
1476547	NA	2
1476567	NA	2
1476573	NA	2
1476577	NA	2
2512580	aceE	2
2541952	Rv2267c	2
3595497	NA	2
300815	NA	2
3665076	sseA	2
332726	vapC25	2
1761765	mmpL6	2
36853	acpA	2
2289103	pncA	2
2289213	pncA	2
2289207	pncA	3
902549	purF	2
2335174	Rv2078	2
168749	Rv0143c	2
3690947	NA	2
1903091	Rv1678	2
1994629	Rv1760	2
108023	fcoT	2
3463933	NA	2
945238	cysK2	2
2866580	lppA	3
2866607	lppA	3
2866647	lppA	4
2866671	lppA	4
2866677	lppA	4
2866744	lppA	8
2866745	lppA	2
2866815	lppA	4
4181310	Rv3730c	2
2461724	Rv2197c	2
2155167	katG	2
2155168	katG	76
1357114	NA	6
761095	rpoB	12
760600	rpoB	2
761109	rpoB	8
762285	rpoB	2
1628290	tkt	2
3475953	agpS	2
3066099	Rv2752c	2
3112877	Rv2804c	2
3679963	lhr	2
1658312	ctpD	2
1639643	Rv1453	2
4371248	eccD2	2
1690137	Rv1498A	2
3098310	fadE21	2
311828	Rv0260c	2
4248003	embB	14
4247730	embB	13
4248002	embB	4
4259829	pks13	2
2681252	Rv2387	2
1979688	Rv1751	2
4266647	fbpA	2
888755	NA	2
3625941	mtrB	2
3239801	NA	3
284781	aftD	2
3448001	virS	2
198966	mce1A	2
325647	fadD2	2
766487	rpoC	5
766488	rpoC	2
766022	rpoC	3
2172662	lppF	2
331606	Rv0275c	2
2123145	lldD2	10
2288839	pncA	2
2288826	pncA	3
1757411	NA	2
164315	cyp138	2
3297340	pks15	3
4338365	whiB6	2
1472150	NA	2
1472172	NA	2
1472151	NA	2
1472362	NA	4
1472359	NA	6
1490804	glgB	3
966927	moaA2	2
177038	NA	2
4243217	NA	16
941752	Rv0845	2
2255331	otsB1	2
2863708	aroF	2
3604992	Rv3228	2
4370647	eccD2	2
1840302	Rv1634	2
469602	Rv0390	2
739262	NA	2
2540745	cyp124	2
911517	Rv0818	2
4407967	gid	2
4335610	gltB	2
2174216	Rv1922	2
2592310	Rv2319c	6
2778956	gdh	2
853460	phoR	2
684376	NA	5
2195168	mazE5	2
94388	hycQ	2
1625059	opcA	2
304902	nirB	2
595374	NA	2
3989107	NA	2
3640316	NA	2
3325417	lipN	2
3325415	lipN	2
395764	Rv0330c	2
4327480	NA	2
764931	rpoC	2
764925	rpoC	3
764948	rpoC	2
764944	rpoC	2
2338692	NA	2
2338701	NA	2
2338702	NA	2
255978	NA	2
254859	Rv0213c	2
75233	NA	4
3248028	ppsA	3
3248074	ppsA	2
4030691	mutY	2
3247316	ppsA	2
781301	Rv0681	2
781687	rpsL	44
81990	Rv0073	3
81963	Rv0073	2
794567	NA	2
4269671	ubiA	2
4269308	ubiA	2
4269296	ubiA	2
4269298	ubiA	2
1474831	NA	2
1474839	NA	2
1474827	NA	2
1474830	NA	2
1474812	NA	2
1474823	NA	2
1474803	NA	2
1474804	NA	3
1474794	NA	2
1474798	NA	2
3446699	Rv3081	2
3823862	NA	3
333044	vapC25	3
333086	vapC25	2
2132760	Rv1882c	2
2289040	pncA	3
2289031	pncA	2
2289030	pncA	2
1076880	Rv0965c	2
1404169	cyp130	2
2715346	NA	10
2715347	NA	6
2715344	NA	16
2715342	NA	17
2715369	NA	6
4239763	aftA	2
3355029	serA1	2
3034763	Rv2722	2
3035372	Rv2723	2
3473652	prfB	2
948488	NA	2
2625828	NA	2
1380572	sugB	2
2867347	lppB	3
2867298	lppB	3
2867254	lppB	8
2867263	lppB	2
2867251	lppB	5
1067644	purN	2
3095493	Rv2787	2
916763	Rv0823c	2
1837505	uvrB	2
1349375	fadD6	2
3500149	Rv3134c	2
763555	rpoC	3
2339907	Rv2082	2
4313156	Rv3839	3
781822	rpsL	13
222486	Rv0191	3
561002	pcaA	2
448548	Rv0371c	2
680148	Rv0584	2
1673432	NA	8
1673425	NA	34
1673423	NA	2
2807344	Rv2492	2
2289231	pncA	2
2289252	NA	13
2289222	pncA	2
1722228	pks5	2
1042067	pstB	2
121245	ctpB	2
2444620	Rv2182c	2
852736	phoR	2
1585283	ribG	2
951320	Rv0854	2
332735	vapC25	3
332759	vapC25	2
2372550	dop	2
479774	NA	2
2288727	pncA	2
2288739	pncA	2
2288764	pncA	2
3075286	Rv2765	2
4338600	NA	2
4338599	NA	2
4338602	NA	2
526353	moeA2	2
1902378	NA	3
3550789	Rv3183	2
3343411	hupB	3
3343407	hupB	2
4159589	Rv3714c	2
2866551	lppA	3
2866578	lppA	3
2866569	lppA	3
3253552	ppsB	3
3534188	Rv3165c	2
1647444	Rv1461	2
2121672	Rv1871c	2
2277272	Rv2030c	2
244550	mmpL3	2
3700221	Rv3312c	2
3401951	serB2	2
4357669	espK	2
4189148	Rv3737	2
761292	rpoB	2
761277	rpoB	4
3031193	Rv2719c	2
3477266	Rv3108	2
3680932	lhr	2
3681527	nei	2
690167	mce2C	3
3538152	Rv3169	2
3057256	NA	2
506567	lpqM	4
2123182	Rv1873	7
2123146	lldD2	7
2123162	NA	3
3172472	glnA4	2
1041445	pstB	2
391033	Rv0323c	2
390984	Rv0323c	2
765847	rpoC	2
2338194	Rv2081c	2
841651	vapC31	2
841650	vapC31	2
841629	vapC31	2
841482	vapC31	2
1338063	Rv1194c	2
2886539	Rv2566	2
3248308	ppsA	17
3248075	ppsA	2
122335	Rv0104	2
2663018	mbtE	2
767123	rpoC	3
218599	NA	2
328464	NA	2
2369664	prcA	2
2288944	pncA	3
2288938	pncA	3
2288937	pncA	2
2288859	pncA	2
4338236	NA	2
1472400	NA	2
1472570	NA	2
1472571	NA	2
1472378	NA	2
1472379	NA	2
1472382	NA	2
1472389	NA	2
1472573	NA	2
1472579	NA	2
1576481	lipI	2
4016419	NA	2
2381029	NA	2
471666	ndhA	2
2806796	Rv2491	2
2747480	folC	3
2747471	folC	2
2747195	folC	2
2747141	folC	2
2747151	folC	2
4327065	ethA	3
1254131	Rv1129c	2
3877949	rpoA	8
2867538	lppB	7
2867552	lppB	7
2867532	lppB	6
2867536	lppB	7
2867522	lppB	8
2867459	lppB	7
2867461	lppB	10
2867458	lppB	8
3774261	Rv3363c	4
3011803	NA	2
27487	NA	2
1145121	eno	2
698	dnaA	2
3640408	NA	2
4359165	espK	2
3458491	Rv3090	2
557865	icl1	2
764840	rpoC	3
764841	rpoC	2
764819	rpoC	2
764822	rpoC	3
764817	rpoC	9
764918	rpoC	2
2338994	Rv2082	9
2338990	Rv2082	9
2338811	Rv2082	4
2338810	Rv2082	4
2338961	Rv2082	8
2338912	Rv2082	6
2338866	Rv2082	4
4356509	eccD1	2
2075517	NA	3
13624	NA	2
2660319	mbtF	2
47204	Rv0042c	2
1410197	Rv1262c	2
3600330	Rv3224	2
1652	NA	2
40420	Rv0037c	2
1675173	hemZ	4
4269722	ubiA	2
1821	NA	2
1475545	NA	2
1474896	NA	2
1474913	NA	2
1474904	NA	2
1474866	NA	2
1474844	NA	2
1474892	NA	2
1474869	NA	2
972794	Rv0874c	2
974004	Rv0875c	2
2205371	vapB35	2
3798062	idsB	2
3443722	pknK	2
1474790	NA	2
2338707	NA	2
2338768	Rv2082	3
2338773	Rv2082	5
728557	NA	2
2703915	NA	3
2703951	NA	4
1308190	fadH	2
333212	NA	2
333209	NA	2
4212536	Rv3766	2
4322600	Rv3848	3
2289090	pncA	2
2289091	pncA	3
2289081	pncA	2
2289096	pncA	2
2289100	pncA	2
1750957	dnaE1	2
2726145	NA	2
2726286	ahpC	2
2726141	NA	4
332916	vapC25	5
332802	vapC25	2
332882	vapC25	2
522353	Rv0435c	2
2338704	NA	2
4309381	Rv3835	2
1995528	Rv1762c	2
1995471	Rv1762c	2
3555457	Rv3190c	2
128621	ctpI	2
1813603	lgt	2
2867207	lppB	2
2866956	lppA	2
2866876	lppA	3
2866863	lppA	4
2866882	lppA	3
2866880	lppA	4
2666174	mbtE	2
1960391	Rv1733c	2
6750	gyrB	2
6620	gyrB	2
6742	gyrB	3
4120983	NA	4
4120926	Rv3680	3
2123169	NA	5
2123181	Rv1873	5
2123160	NA	2
2848587	fas	2
2739546	obg	2
760115	rpoB	2
760314	rpoB	2
762310	rpoB	3
2342019	Rv2084	2
3251420	ppsB	2
3430080	Rv3064c	2
13636	NA	2
2201214	vapC14	2
13638	NA	2
4273551	NA	2
2932435	tesB2	2
4212907	Rv3766	2
1934014	NA	2
3175441	NA	2
4398748	Rv3910	2
2212438	mce3C	3
3793102	Rv3378c	2
1021776	NA	2
696945	NA	2
18147	pknA	2
98301	Rv0089	2
220414	ilvD	2
3831621	NA	2
3266769	ppsD	2
3669520	NA	2
2187306	NA	2
2187270	NA	2
1673249	Rv1482c	2
2288823	pncA	2
2288782	pncA	2
1552547	Rv1378c	2
80616	NA	4
841377	vapC31	4
841326	vapC31	3
841448	vapC31	2
2153410	Rv1907c	2
2953252	NA	2
964783	rpfA	2
964741	rpfA	2
964875	rpfA	2
2509722	Rv2237	2
4389077	Rv3903c	2
3465727	NA	2
2422824	Rv2161c	2
3784787	NA	2
2123133	lldD2	2
2122395	lldD2	23
226676	NA	2
4243225	NA	2
4243221	NA	11
4243190	NA	3
4407790	gid	5
4407802	gid	2
761155	rpoB	79
761161	rpoB	7
761110	rpoB	13
761139	rpoB	17
761140	rpoB	12
1441533	Rv1288	3
1441544	Rv1288	4
3955321	cyp142	2
2197904	lppG	2
3568759	NA	3
271991	Rv0227c	2
480210	NA	2
3089251	pepR	2
4249583	embB	5
4249518	embB	3
817527	sppA	2
922528	Rv0830	2
922004	Rv0830	2
1718669	Rv1523	2
2684449	NA	2
485302	fadD30	2
765461	rpoC	2
765462	rpoC	4
765463	rpoC	3
2338457	Rv2081c	2
2338677	NA	2
2338679	NA	2
1481337	Rv1319c	4
1481185	Rv1319c	5
1480945	Rv1319c	2
1480972	Rv1319c	5
1480948	Rv1319c	2
1338699	NA	2
3247929	ppsA	2
3247928	ppsA	2
147250	fusA2	2
3239798	NA	3
3239797	NA	3
2700239	Rv2402	2
3189523	NA	3
4326900	ethA	2
4087495	NA	4
1048104	ligD	2
2986827	Rv2670c	14
4269124	ubiA	2
4269089	ubiA	2
1474782	NA	2
1472616	NA	2
1472598	NA	2
1472591	NA	2
1472581	NA	2
1472716	NA	2
1472713	NA	2
2207525	NA	2
2881455	NA	2
2881472	NA	2
2995848	echA15	2
497383	glnH	2
1791600	Rv1591	2
841378	vapC31	4
2289000	pncA	2
2288955	pncA	2
2288962	pncA	2
915172	Rv0822c	2
230170	Rv0194	2
113794	nrp	2
3173107	NA	5
1254582	prpD	2
3877960	rpoA	3
3878416	rpoA	2
323030	Rv0268c	2
7582	gyrA	41
7581	gyrA	14
7585	gyrA	2
7563	gyrA	3
7572	gyrA	5
7570	gyrA	18
947263	Rv0849	2
